50
2
0.6 0.9
0.1 0.3
3
0.09 0.36 0.55
0.91 0.82 0.18
10
0.43 0.19 0.76 0.62 0.52 0.29 0.81 0.14 0.05 0.10
0.71 0.95 0.33 0.24 0.38 0.57 0.86 0.48 0.67 0.90
10
0.352 0.435 0.157 0.481 0.759 0.528 0.852 0.454 0.102 0.472
0.815 0.639 0.083 0.667 0.241 0.870 0.222 0.287 0.750 0.315
10
0.59 0.63 0.52 0.93 0.07 0.30 0.44 0.78 0.85 0.70
0.56 0.11 0.41 0.37 0.26 0.15 0.22 0.33 0.89 0.67
10
0.74 0.81 0.78 0.89 0.85 0.96 0.67 0.93 0.59 0.56
0.52 0.26 0.41 0.04 0.19 0.37 0.07 0.48 0.30 0.11
10
0.69 0.08 0.81 0.96 0.05 0.54 0.34 0.60 0.61 0.90
0.73 0.59 0.28 0.43 0.58 0.57 0.06 0.26 0.55 0.41
9
0.04 0.87 0.67 0.54 0.50 0.29 0.42 0.21 0.58
0.25 0.62 0.75 0.96 0.08 0.46 0.79 0.33 0.17
10
0.26 0.18 0.71 0.45 0.29 0.92 0.84 0.21 0.66 0.74
0.20 0.99 0.63 0.25 0.89 0.97 0.13 0.28 0.37 0.50
6
0.54 0.71 0.51 0.57 0.34 0.46
0.94 0.17 0.83 0.74 0.03 0.77
4
0.33 0.17 0.50 0.42
0.58 0.67 0.83 0.92
10
0.45 0.69 0.06 0.96 0.63 0.14 0.65 0.61 0.92 0.31
0.57 0.59 0.84 0.86 0.49 0.73 0.47 0.10 0.76 0.22
10
0.20 0.03 0.67 0.66 0.44 0.77 0.69 0.36 0.30 0.08
0.28 0.95 0.27 0.83 0.22 0.06 0.91 0.11 0.56 0.53
10
0.29 0.18 0.14 0.25 0.46 0.57 0.75 0.89 0.07 0.11
0.32 0.04 0.39 0.86 0.21 0.68 0.43 0.79 0.50 0.96
10
0.87 0.61 0.48 0.35 0.66 0.22 0.27 0.99 0.84 0.86
0.55 0.64 0.44 0.29 0.03 0.06 0.17 0.21 0.01 0.30
1
0.08
0.50
10
0.55 0.50 0.73 0.14 0.59 0.23 0.95 0.05 0.86 0.64
0.27 0.77 0.82 0.09 0.36 0.41 0.32 0.91 0.45 0.68
10
0.62 0.38 0.58 0.85 0.88 0.23 0.19 0.46 0.08 0.81
0.50 0.04 0.42 0.92 0.27 0.54 0.12 0.31 0.15 0.69
10
0.91 0.01 0.96 0.93 0.50 0.30 0.80 0.88 0.68 0.43
0.63 0.84 0.37 0.17 0.39 0.78 0.58 0.57 0.21 0.76
10
0.31 0.33 0.56 0.69 0.88 0.54 0.19 0.62 0.10 0.38
0.46 0.29 0.25 0.40 0.96 0.02 0.75 0.17 0.42 0.71
10
0.96 0.87 0.56 0.65 0.17 0.90 0.08 0.23 0.71 0.79
0.98 0.40 0.33 0.88 0.85 0.67 0.92 0.77 0.54 0.75
10
0.08 0.95 0.98 0.71 0.31 0.13 0.66 0.11 0.51 0.90
0.43 0.55 0.16 0.41 0.77 0.01 0.67 0.45 0.14 0.58
10
0.328 0.371 0.431 0.302 0.500 0.405 0.147 0.491 0.241 0.586
0.612 0.603 0.733 0.629 0.698 0.767 0.836 0.991 0.853 0.974
10
0.55 0.62 0.52 0.86 0.66 0.93 0.83 0.97 0.72 0.76
0.41 0.03 0.38 0.07 0.34 0.21 0.31 0.45 0.14 0.28
7
0.56 0.89 0.83 0.86 0.72 0.94 0.97
0.19 0.50 0.17 0.47 0.31 0.25 0.33
7
0.83 0.39 0.22 0.74 0.61 0.09 0.17
0.78 0.91 0.96 0.43 0.65 0.13 0.26
6
0.24 0.90 0.38 0.97 0.10 0.34
0.07 0.93 0.21 0.83 0.62 0.17
10
0.93 0.67 0.78 0.89 0.74 0.81 0.30 0.70 0.22 0.19
0.37 0.63 0.96 0.07 0.11 0.48 0.41 0.33 0.26 0.52
10
0.81 0.14 0.90 0.65 0.31 0.74 0.62 0.91 0.45 0.60
0.57 0.16 0.43 0.96 0.48 0.13 0.71 0.34 0.05 0.19
10
0.160 0.597 0.924 0.756 0.261 0.042 0.832 0.765 0.034 0.437
0.992 0.840 0.454 0.563 0.714 0.126 0.218 0.067 0.361 0.462
1
0.3
0.7
8
0.41 0.61 0.83 0.89 0.59 0.50 0.26 0.24
0.11 0.07 0.15 0.54 0.65 0.28 0.87 0.17
3
0.59 0.88 0.71
0.12 0.47 0.53
10
0.55 0.06 0.89 0.51 0.29 0.11 0.12 0.85 0.01 0.57
0.67 0.59 0.52 0.10 0.40 0.71 0.35 0.79 0.65 0.61
5
0.80 0.74 0.91 0.61 0.48
0.30 0.22 0.31 0.35 0.41
10
0.781 0.610 0.676 0.771 0.876 0.990 0.800 0.819 0.619 0.962
0.533 0.590 0.171 0.200 0.457 0.133 0.429 0.276 0.448 0.019
10
0.54 0.16 0.11 0.30 0.40 0.51 0.63 0.35 0.44 0.98
0.39 0.68 0.07 0.18 0.70 0.04 0.49 0.67 0.26 0.82
8
0.07 0.71 0.39 0.57 0.18 0.46 0.25 0.32
0.64 0.61 0.14 0.11 0.68 0.86 0.50 0.82
10
0.39 0.83 0.86 0.16 0.38 0.44 0.20 0.59 0.73 0.42
0.26 0.96 0.68 0.87 0.72 0.82 0.67 0.31 0.57 0.56
10
0.584 0.188 0.782 0.218 0.743 0.950 0.505 0.248 0.663 0.198
0.327 0.554 0.366 0.812 0.792 0.386 0.119 0.653 0.089 0.485
10
0.81 0.78 0.82 0.96 0.57 0.69 0.54 0.39 0.49 0.15
0.12 0.76 0.25 0.72 0.97 0.70 0.43 0.37 0.87 0.45
2
0.30 0.10
0.45 0.60
3
0.91 0.14 0.32
0.68 0.05 0.73
3
0.47 0.25 0.03
0.41 0.59 0.69
1
0.3
0.5
10
0.63 0.37 0.80 0.92 0.68 0.23 0.66 0.26 0.03 0.31
0.94 0.38 0.49 0.35 0.12 0.58 0.95 0.22 0.62 0.05
6
0.55 0.46 0.37 0.04 0.02 0.59
0.79 0.73 0.71 0.95 0.75 0.80
6
0.80 0.60 0.39 0.63 0.24 0.20
0.54 0.27 0.90 0.19 0.53 0.36
6
0.10 0.96 0.94 0.48 0.69 0.29
0.31 0.54 0.58 0.02 0.06 0.21
6
0.65 0.93 0.57 0.89 0.72 0.70
0.26 0.17 0.07 0.39 0.28 0.09
